0 1
1 1
2 2
3 6
4 20
5 66
6 214
7 688
8 2206
9 7070
10 22660
11 72634
12 232830
13 746352
14 2392486
15 7669286
16 24584436
17 78807122
18 252621702
19 809796400
20 2595858574
21 8321204878
22 26674199972
23 85506000010
24 274095419758
25 878631898608
26 2816515554774
27 9028536162646
28 28941599524244
29 92774306701794
30 297394481489846
31 953318658633648
32 3055929149546494
33 9795993063256318
34 31401735903990724
35 100660444675345370
36 322674044301817054
37 1034354052397630576
38 3315693730576814982
39 10628686463307929094
40 34070992412092462900
41 109216931739614070770
42 350102457666654829926
43 1122277735804345505840
44 3597539202313600002798
45 11532161691604200792814
46 36967144985043185967844
47 118500749893240924300714
48 379862381337319122899918
49 1217675237374081888265968
50 3903342517082139278233270
51 12512435449141399664904246
52 40109480575628350929952212
53 128573724802480514108364418
54 412152001779569712691773590
55 1321181857582998368420125872
56 4235140174667925909691671902
57 13576035877376919820284572766
58 43518925594541111207261664004
59 139502937529738820933082998266
60 447186351996414005495721634366
61 1433486899652062725776073839984
62 4595141784404370874142649752422
63 14730046032443071312263618419686
64 47218185269993011345423839191412
65 151361171260481041037844466028946
66 485198743542226411020309929483590
67 1555338259967736813218333741980976
68 4985744780085023353100877067635534
69 15982151054819864717057288862245198
70 51231894853375107366453639805701156
71 164227396003476577225270685263331530
72 526442320263036593429407103125730350
73 1687547408704347356035955278008135664
74 5409550385694386935075009409213891990
75 17340689348593649556840988512515431702
76 55586783677924928662823697810112457236
77 178187294492246644156531607099809832226
78 571191744110133318370256104878323687286
79 1830994793816639797406854065933399439792
80 5869380938281252335068604023917970716862
81 18814708111130316366976066077569352254910
82 60311853162949374679027518484154564015684
83 193333832789959668166579545973459237161498
84 619745024253673983547609364788491646717342
85 1986635704390449739288100076064861829518960
86 6368298683336369484273553010698704569219398
87 20414023582963395180541501980193456626333638
88 65438569949024188469945039130335798465208244
89 209767879397722654023028893833119614218583346
90 672425501677297531547695203174021308341793574
91 2155506632398525833457053915559612436039717424
92 6909626167842437062543518730912391478680365486
93 22149286419131694604708997058340755574490979758
94 71001075450355516919568569837555487265851210084
95 227598876989225470615053944703041713222540654058
96 729584002470165513057125722885683177549708718734
97 2338732175227671338658525280857345844254163855600
98 7496968366804099984352962122899113831313020863094
99 24032052617307462603383636540036880956984792201206
100 77036413219819298481081548963319991342749470386772
101 246945571245160654119134137527938245340105889977794
102 791601174156298031641634391056598811129222325986390
103 2537532524944642773298559188440706303636368281634480
104 8134236690609770261477891754919092821637708686178846
105 26074860475061544020866082019736915227250854763398430
106 83584775640817899367179404568013751599335786140278148
107 267936801641097769735746015721586722692473782102317114
108 858890020620009729191938574710785013176021826583232254
109 2753231594175635855278188381774873013430135802761054064
110 8825675033102502250990355948785216865688421356131912998
111 28291314088763099184772215370345113287135243467665115558
112 90689771588800523588041338737328540429577811056446403060
113 290712359455070932650762609889367776600696036433103858386
114 931898652508803394876612539766919553144976478641054932742
115 2987265832713722540179889784558337491238321382399333267248
116 9575888033827272667366211583980721690579555707241697240590
117 30696173950175519135078279587062924226809434773977373063182
118 98398716844941577164547475985682919264943569448792317700772
119 315423918708788342546654269154897013499370026655086766023946
120 1011113271430052749121752132222956329549482886229797098467054
121 3241193793568511656440370680973234230311598522358547400970736
122 10389871742667342408536205555925064898709092514804504379680086
123 33305455244077341444085441541704510199562204462431878485473494
124 106762949195989356986435251540940033628093768797962051373489812
125 342236046242074764457722989136468856338369782812005124987854946
126 1097061407814757689159909951062582087093441350324018779266740022
127 3516706512163222522541229837521388575610993347127906226912674736
128 11273046891081107846417671486714743693754356414619420179647613310
129 36136534501522012330939388375174326787868594044497832426916303486
130 115838170318695196819938160818953982385506448708664845784698923204
131 371327297647146329168785771415408599187469510890317082653670944858
132 1190315434010953317428119284845062426390276789668922822483127475806
133 3815638767799523070238848667593267867181123166947053916978736457840
134 12231294991509527445872551429712536747923556350614078158126473737990
135 39208265318994789007403293614790058374911026743116704661713723388294
136 125684816725605345196864002736335606107814731929073191869598246606900
137 402891406361101312715987164096997768906390697846005339348501064268402
138 1291496376002248303231500975789799835276894472698981172302172488646886
139 4139981302385953707933050741215357218470996406289161253549747979783216
140 13270997505358435667908695531936178321042283513936959419027536735461486
141 42541103914099495596938126374332590417022020616456593009498137773412462
142 136368462242532243141061966112971132711698104109880894128496923637964772
143 437138573835398489198377728072272243923505510289956157252107800717782570
144 1401278049135664726392207383067893652303728905146440899399053089216809294
145 4491894077800663180136640683285447084900898370142034972744498535611427568
146 14399078340395256772731262647241068834072411555844913196937552256410603062
147 46157245353914300508268657985478789185270684808816084773072483889640259510
148 147960254698007357852771014129848252427450136633734171377777547795772786388
149 474296869374217712796899515339854013176645535730337916265130560777024527618
150 1520391545400694261048175109732247455632159461450814720773499904873274171414
151 4873720660175976747073662997801652195634079103676644875522695790110290309296
152 15623049960571894759218687282241944841451861431148872997259501859546630457054
153 50080771363230413610770495865527148660349391275811109740732638386454216805854
154 160537389732852711727616320343148738194120242775720017224937462075885832067076
155 514613748963938242399562879786021429713962920672517809928596849112436164522618
156 1649630102142643884347582139990174575852370469035793368031352564576796865366974
157 5288003826897062571851435822821317824040592871574222239556334727400474503444848
158 16951063415342558638422355653319452808092222757310628861276593081414539117745894
159 54337810697003930726542056066808737575586445561676762101614032573576561526083430
160 174183624885209993451159534052092789517449039993506297437359350207582931819975284
161 558357703208392686723692700406080595790508972065036667920604895348536884888275986
162 1789854384633509202366514987932988402632747362617346305947965155583910147805886662
163 5737502500249637178571364173030749000699970168605500044045028911310124272091402544
164 18391962621647192223185986751247148568232655192966222750271808048857397865368910030
165 58956713145022537675396444496752453446794474235061998666835698487451760013428278990
166 188989837374580891528965771917155223259143665498968434258455951740497512097924634916
167 605820045344335462809797695113497536441087628621273071625517101485754831857100861770
168 1941998217679701224047813850134410933178610381553834312985736639195098614653744980398
169 6225210120486481446686348472546192803842013169416133800583887292537199298660717409264
170 19955343260051840516336236192244077632724143690688921098521348394263325518155775630614
171 63968238327572637351067997053934682269441067793747006140462477480336626958768836209814
172 205054629299446228927731725814149639133504385811577118214998497811988653361396621271828
173 657316851244430045246527594462181730312331029264412232485840540274640180168224355412898
174 2107074804436317173142787879827599906704888716816009359486063126610626835146420773000950
175 6754374580668360464699173141159325977872143922475469642889425842378607528000119862201776
176 21651616677265302292482460924852157463675822711722931627988049486717210514648551321653822
177 69405760539393256902089244155455905100093660968550408077658519043378307217827600664860478
178 222484984278782610321865686867951727166226121550593397563933952179385492598598623521532740
179 713191064327221462464633568950975929985178271820005857788012325540148154526794118240255642
180 2286183473842202067678465013301041180162683152120077138303158038618555553315090629209990942
181 7328519856035590542427352831320181299582072344062718277255439723029282655282288812454296176
182 23492079220591424088246043339297521956712292742753074849307141646977117021312986130762566854
183 75305491006076794914952606930450505407137689913806654858960262328154828732849271483472724806
184 241396979910386368126750142602450598537030689746012623458673079004051455136184609751842840756
185 773814779391759972582066637856289542662038790304428832677872125311081942636230092897955397554
186 2480517001610402465682892618786095545179529882955282418614490122839668842159255282160768001702
187 7951469471951237992846997199346253321411500641629460758162038053036976432887404199525523588656
188 25488987466050412594783004216653755961448949188678042191220247906551528039867154394094063521582
189 81706719033035006886717611162989388738082360983805115323424933652857480537760963702434724494126
190 261916560790627098241495015095755665245915163164797124311231085130574612141284354551617272174180
191 839591720586092093379583814204467628908795085692061983057061881709076809101563644417419543498346
192 2691369553528210806754324410004006042774898730241950506400391547242791682669871595035515710248974
193 8627371966700917773080515410971779472496588704024507147847448904772719198203549882462110835453168
194 27655639841151481591640641441648725578693832751197130126662751220000361448734902824731622379516406
195 88652073652963826773656896971457195757092637748781902623983179955563939586929151326565398890405750
196 284180377243562433819122056409632017624592714301627630824666436856908044586315636389554081137226580
197 910959930011671308046574569014554620138090438271453356262100929475594091618013733960739102971358274
198 2920145303965274810593646038091177760346673742241000976033772309201869904333575820383078542457828310
199 9360728518718924631918696432992534531265106500511341909632820787107823058687045509748435316038539952
200 30006465185884384717624258174382646814451178059955516140976101489028402329572251741903583194873334686
201 96187807514250550407064999993330203394786839765162191241585851172194729854386243422811182931928207006
202 308336695344937757539629978477942627397836378408167710859627828586206125199673636959724573559681852036
203 988394684868472473719191925133932300483478725924525280170942590681781126335953487806558920054405149882
204 3168367786984800267446809776297383924211686339826101189803661557994241674699596954005967317081965613182
205 10156422922224445051358225319461164027265426131291499831260220969543564989945004903222822439267719424880
206 32557118841702513279540225863759861868779241181372891948359244304485257732171659789298576656982458431654
207 104364104900880652107980791187760696849884968347128365682189320967598300430041652439956995478366118636838
208 334546384301383447788555276170329107277031857991197584097472778584768957984786663287586230550024261862132
209 1072411662567562727305071745992360105911081476251580928505475623368597717842328388515426491029488312579410
210 3437690042331652110437394961520539566015724248708035016573825950619999085038301909323856823210736204409478
211 11019754110890855252205693690337493517809178341743898919720691503858887232234357480161643601047359881440048
212 35324586908402962397186990705013131050580147872769573196608578358428833437272987589602926206879599226651534
213 113235415935105433662244677538785358892299387966472713611293355067611952900877643224178553119909421780815246
214 362983987760269852539737227520184851178672618089952151359089492844493479372414732914318856555579353843275684
215 1163570374889223076651721357649479267849587966175530054302828292182899060305022112360756115766049213657277834
216 3729905623864648150129424905761243816566429056113876066445688431273488757521718004300262795420828278506720366
217 11956471446139758624244023935340603612599719989700478557545002082465124282963094166633296592964114312305759728
218 38327299363203148376921030766972228418431948420407380539816504562142796353383533252507667859938970466610867414
219 122860819188496024115414685910521892070227418398589057062050261958552066816262879113306314330629365260940900438
220 393838886184617116435602309925166275872512333008895535761715786187621256739482039465511083005430490287651469204
221 1262477894056426006877792871320067048544697529935983801533493115476813001397104176544441886152502776478114512610
222 4046960543743794315801406930766258879896810992212006485583656121904924477074198122916857107047017911420775880374
223 12972813005062457996604893794291490163161221583543727960230691945937416402549189536635236664189292082907683690416
224 41585252795331433799925791941373906850707221091978529608201839338259862678814977528935951116227346140505445339902
225 133304415116195140286600330869894138630994798343934578261728977557357096484527353379900527359999757767856544388094
226 427316558033905496819940685937019305852668330409998095892154780202716109281128682343491925643164534187375339322820
227 1369792895537487237293204281361333186249206948010362550061478415465120321729211848173899741160733751123902667257050
228 4390966231914878269872837928727107344801335620557564392109224526136017229616267877984657335741516047379312138577886
229 14075547122947602675591522417854281643672902788355276493684392843235108333101371182079956193155102115778743379381360
230 45120143573483814438020563713626989549751992389914881923903306195083902345109828157202778580227833251734142595889798
231 144635752934445366540453513358063405622254984913317731732162679177317822312304614023392828892019515637736757878091014
232 463639948149630542338489710466345227837702588990605591168227823893942228478159757744864519171123153889659764736751924
233 1486230044500970403661356213679790258031736020119463361411613590008821995585105803189383907932390492991078088920681714
234 4764213597195219688099167148566788317783781917316348595809123899495785667827629167826439221032168450278719122958509158
235 15272017467067827784220301088940790694047567801707921813837235662992943283955044247785966826318601416014688051294781488
236 48955512332976482719052760259455596277878309667803022344168765378529504727322240276902295216097389900086718751447070190
237 156930293784188497858118362268959599802193701396325053407219672849680063320236408321315465180385413389445653890005917166
238 503050952458378421394103693884371987842010610513835797882265949250665556645746536659405126694519743310679990395079220452
239 1612564755134478552839900974576965125706210381466115704937467097819685358896366786155426558074290382427627249751142962858
240 5169188283600497805873252464770060112845752439319028153140352535742488151242553807446558764231355362521158931550183939790
241 16570191941894652845063370277349032635653331968387674022668556790977305470521187680782428421414823108855123871073235840752
242 53116900744807693795563688031662602891171234292569635861110184595967851729493528896407936989751789536338015833519463476662
243 170269913265177890285867858075950026457665857441410573759432435585968072958789545946348921055780607369788847796285402257206
244 545812028879814206240646955267508042592743975032616113860065112921974624569577778180018760036299802529998623631083710312404
245 1749638354522056574384414521932540439324743810243485096428739253891968019054336184861283100750041919206823246915498589668226
246 5608587223512294989381015355093946004305174655754754980160970221349890015119794660831679867719233407803281260345048585183126
247 17978715751426335751176762943011979116623642507199843681243936781193572440496931122849492673491072814688638067841087639487664
248 57632021610633840127754365317132435310280965186689873930807849372086504172863437727870836696420897895647514504452092459829342
249 184743446687234030338058547404954106752260027006069483805975570277477073841317849422734454238543913406630231088753043163465566
250 592207945167438613800719231576891403055827948752317676239198652907554129758532907509974385011737573022373106183964919156473092
251 1898363685469090217148203787318308009254443415465861490277395670083777148594893342502214092174564062848043971316361663477423866
252 6085336597922316910488218505173116651890461544087361652936490061175915130030007757632187582744832956710129037649066055945669950
253 19506968971997707487606542940944992806894515607185048537697475226923352129019917020685336808549166635703829813766658312012275056
254 62530943416408679933208000317786379508257120889177157079041528386720463329269104170010227332230258732940421690555275822351381094
255 200447280669748714894747075023009414500585841371939892243071275589842512263326132735782529332286459041615815907006035151453659878
256 642547675321873644891705544654322387172707423064199555812855580149862726527826602571582402570017150620311446956209878248857731956
257 2059731185586761939928130199381691552392464709274127161678945085167297900112926500387475216853001574742008210194228248473518565010
258 6602611323359689044977700484420238709755714950408998486677021467146820463923150814879429383604033655534324185905696235231403340870
259 21165129018978606224958413205046642230722151479382900524883914060162467924936574981971150010329225856958809245993722949837817677104
260 67846290573722255569660683431818306394890611581148021864396200371453787977672525207249645233829899995021809769405654096463339259470
261 217485995029199790453505326661445991198420857351695799594501689304718946269499204421967893631261053598534680868694994774377585921102
262 697166457205857588179735502104688380150758611607974447021270700164068087203534645586976551560812871455355972941610286995995825497636
263 2234815483119778430002782957620593187944409502902593725402426477173122964041868897810106083320556582067124337704809087945189383078346
264 7163856195274688194569787580015931243460420662663930696241244241936013994862598787629566130202137024542268601407553409851486480592686
265 22964238423358422315548399205154257422294271239433395191474318670124481574834050235824994274010040534062896534870544581625090023405552
266 73613460682348407935764614796142141159026049570129835985292589565762801766299535256958432791917469826787099815319085390945802285192342
267 235973059229331836248263429864694628812912031825271136371107694105686693787109719784535468562325613493664297738131828522759327184493590
268 756428025063654014953158442571095185640554897093180410724387618248591782870788053067268290364245940817063376122907723203676380019743764
269 2424782553442340852771006662987182091148494460969523442965354590766203264909370367872426903052620288936815195708892157922849818948033058
270 7772808828683453504175977936397022671510236152496438885240490402513620619599774347029398356962682312939289536636634041279551743339933302
271 24916278369575497611295476811359219462073939124068251968342520350199047375116431372309076624902053305406994817712555993752515504142410160
272 79870860260862676938329565153965666974392020396744281416890587296464705598021217903829302237981971492207208114941910311497114593124649918
273 256031588032018715429283399835901889323483472725229398847017255640984678842690167301100568243446213574944234997268195766336171409986111678
274 820727031812356829023291950347186655644968977345210032190222248530466644527768036667934032050965480650898697452597830626211116914627649604
275 2630897483881103844864794213500482720858028659236421494689552802351299293132093883847283391502631794198712674741879424012690843075734065946
276 8433524548847096282878061014415714572069294345666554843504277294607168669336853831765281006130185460737049431530285088745321082616221229214
277 27034248484317181816429913378963940436920147023058663883455405850698614872870684118567157418336366666897853224268660798142613979209478282864
278 86660160515180650481462316647911631063547789332573121491505299400648090851523819305867953614781062286124770799598826065546585690036779073606
279 277795161381071364823814433644473430547575094884121179647355765226778824824871723026430790170071486605287079154234645095715914926182432304838
280 890491677236360998014555605202841497040721537184828703330063353732151947655174616465346905220235463691153413071056086212323930717492621140404
281 2854532898575028038231926257094539995624773179065587745084847609675900327907866298365190809369801161363256594474033219653794591864333195862578
282 9150403397744898664352999783630703221029115514570622520703217633161553305252596068674248870987643507399357397489712075165569104003947360549414
283 29332253407644741046199737539303102123935051468133313201242408313005072021528614720676296310230551262218604478414552183100579099839374916270640
284 94026574848309526733455394239478748054970541454934559341628908571598088282506366316122502691718456404750546987540909267959090138626575840957614
285 301408713979014041001290807556794838291423809056022094382260555199601150482841912810575434770928997217819933178761529358753673410273044233091246
286 966186559587482482057065228264835363568065460968101809324870049248839422522779458722724840253537996304720254894679490650457052480336689943835492
287 3097178099477552230210112065384527942020242807268092623315041994133381412364029369204086168638060826617863930172230384812845909084278443451369194
288 9928219436191439940656266959295971518290451045787838828830161846723435706092058286203658700499254147827557599313441606946044871700127564582362510
289 31825596722964264020038811251847503451582817421934953018244995471678866334003203681480589683043996938031621504940313303642131204832035478527570160
290 102019159959391449436440635805703828397961901018232263782674012407863807376827727880793682186277448961836660050196396808839725558596398214366790006
291 327029500480973158804556568102770503901891587320768003100975741124460715370484446778418917952076282834272180113653557346487888845958252980470408950
292 1048315769580982704047853634881315734530055899163953981099140600653972390550640953452461173188615259190630766236654262285129890138944619315894795348
293 3360448984375667206353134740910000458928885988647322938919568865030092174667124551336548169023652111960595210588481997235593131007400918573648274114
294 10772152536735349738648924532791874168541604998372008839307763085070497000963073869629188304606258876805649409740444379568007979448225269578859438934
295 34530882871371009064964094017114630568326046667984599548498395772757729344348061302599949032620190637066603639529464966331407540745098395142338457264
296 110691142537210265979690537319670035497554542305908227623015912728415536413667287630941619706951749495535853171818142163623354371617518762954269310238
297 354828142733395665398299726609715260183656804847136976632821845573055564661752304515025208524842448525435638021346233572068950990664806127090415106078
298 1137426247391990501393521247879344574708706414766265687996991421857399985790482754368934500806030758706693632462122032580306904514981792875341544187780
299 3646098807975023913098270302407396194248152609125002514047267841189273121974816790763262523184063651837562108848459096551545283126725396538891892437306
300 11687822879064768717329901683320429989014445361649700660788686635236787967987713891293871944377472742342697669092826188983853887991413657075430313296382
301 37466127729066638200535701291267754884169984203438548457600523975288627929276782938602260062823041183677328113373405399379680076129917681106274496171888
302 120100273723779905633762275882725349274741413922144847718670884794542716358369184617007246796209151329338005318611080060217604297216594392158927857533990
303 384989766031692135634381077108034182140574961633253202033305502686640338158859298079995901318794359330319520475812867261365676505139202821352439067652262
304 1234111425008267891537712259526164485316364847525006269966233415772557188002819329835337819271799902080940877602280397482823872749699524086074798320210932
305 3956029857714614130782942861405484548696765161880838326472712099234474438335558301084746774312275600409819765955156236825430045401389578249542629557624786
306 12681328377641963955688252798776408074831571723262160550733148596511033228293493388896352741933956124803790768463069870792845823779608033930599315817256454
307 40650878584240592429111513002148306474545961873244959548221691951004073825129836156229887566571051029473978991038377286117514292087111218250497365463752496
308 130309213708567670978871566864928614043695867950913027191867267976381034280936960263213955736566664675382638639771022282339370875583858166736462134828466446
309 417715231963722063713330254504710557195983893534899061324717090610920787541949921778045976684571790669810503335438749892045637628427944441651226379165090574
310 1339015178195598991430996356477645713572232239511083954473401345023952993043710231672651743533176504739269962162950102628322649181401159914102886413881197732
311 4292306122066211195077156268314969123664057414614778451861456162748843589548649546969792703820146647709206842025763353026651266010345621145901695954564220426
312 13759285290816751290222127864250167852098596970635900823292339761020230146605075800252585221106784868050386488329921046303180336295631764097393180392313080302
313 44106344312402674051294530868956638249133511908920390771325111045955057578359673099164984152925603825244564396121062170842633416131344112122065575935140649456
314 141385949014560956005226384368291892775633610408609761901025001553629051223757433081935995032161111640706943930398916942197509790628680696512182400747768566870
315 453222476049253066827958717215763667542627856563149677399018589490540773656689756916535426974753470899024314832466833700301836385406521754096025693762110609366
316 1452836114393949338308387018976601641280238057591161616773218380761120740030585445405785106260341988311151224234025998589497147057157220343383113967316735676564
317 4657167035683219047767129611845830104705329733648199389677061783586334489451128660940921522607080091825413693064457824814162919750455172224292119583239978384738
318 14928872281855462137988773795255993704735493691355464340568854610565990361668304214530253577112020424545107155013974468745541914893801405734162902920031184625206
319 47855536617070574708807509769265564355861112551604572442197714090770093342305962227687957652351909433192244820554771564386557724444449704474302133386743017139120
320 153404245255097514769184650726919186264978425853127409385714835314233872137656196280491699312403724561447128789933867839970646896967459371129538824826456706858110
321 491747959083415399436225780430760955652806316169826897195465596378042668738812462666763807304003338473070358825841836124129498073301354547264230802105207152817534
322 1576332225099676692632066386142432731832627050083660910046114991053656612099692788281128971942598258167990871881891191998399192985512355956311590770287810884637380
323 5053042392934865726183490070604513714653404740642025907405175121878919867877401487860265005834582819774250362788298578482972066002322135435226493536008431180896602
324 16197878225310253380237888771748583273049859617303810755484933057531173729644407772000477454790739645587597146071621892922583971406229603671008255496448308323291486
325 51923423276405913588433278909081051290005973102359516065772899398718056021478999598105048120882011522190196678367584183225712166956942494133702185811333766888730736
326 166444138376597257185235133425583228397294467153239008670090666078387743471393749537962958444213211370934804820489761979602361298950393786712359114725564400904199686
327 533548241849385904328094269851343116048629962518893673911982766831037020125193381591081365194054934781693035938162208187122157211678289889309913294934278869593049222
328 1710325933716372375697558530913957186622112434931233373132370769201343120412126659582086309344310240400682332660853043811297105633566462916097861414837778609190771252
329 5482568529142549576932073299312717034359330305636867182958337142503007435069854624924713824140019504015299631019088809665039872881885860502169350468551198562419310450
330 17574754077095684872089833859571257329636384333741276998513021395429783412965160033913290416066145576398493970222121574394608253821177221655401375618628658026133350374
331 56337094416346066824714890326323096154155059268973248204386230056433237500985324433421800548727832315488101764620398379562950581466950936426212870472636014630494663728
332 180592467658630738326673907811867547600757927231224770764173349084169733354449920429414825127736220558712249555623496115712654622114057572551932124906984261219217107822
333 578901693687113963348724642213361094243249758608276224384215220607535137917212971248774683461850858890738511306663178219201052055586340194397776033700983835787156294510
334 1855709572490538915755765417689025022627563539498700719389407579674220506108856710971656843610012079804659216702433011804268480249001101709830206776046573408923240372708
335 5948605877277419788644450224199067643838101096160469109314224750455035498541592437834520734328049269022975502588016795949785655344357357478574330143953917238982976233258
336 19068669153701782386326791766025607437770559738744545408382131576985774501614817097366104500217565222045217041249705609995853123201124436201651307422247507675600823735374
337 61125942917529129074145868931490663772496345178594246154268714950440506042718365265875504735231529546283893554942142525547839949591125085497557053207746411340816246534896
338 195943454020842847821019603192070337373440212106401289349925552715122250696454476399152875111946888253194850496314840541567370506925183803990523434658815171930807371459894
339 628110346296317465131384100504019470210808883236824905303275285230470809189703093524100260413983995330167865761978027468985385380292541166276323030528841010970726426496694
340 2013451325005803907206366755901567644529948312153692485683972416948260315244207593889933195227217877063610949555454823656146693151350919545438179322863484496701245518403796
341 6454258017038168671396223488747983280667840226536293248696637298988494914678934220377575653685988971019659089428687288164105250122407544779218729139250796094434372092381698
342 20689572195335485867062086554445020772472798480552918464908480717226535603444030318754746943495355696973690263303164785103440940073751451743131682558324953039146047539068694
343 66321860157433464264362335374595491475808904065625309526401832161006254875444442426690437922583727195985281488736832202993054722117308123442880026108323130521494615122286768
344 212599327487971594937961964946854245094406291870401291372436344980399504811829736783679263623195101985189211958276756671897608030559910634129353269190344165711188231207479774
345 681501905119165668307521823329882868231260324814840964037002822643859882344813708206582240431870842341943850423438617078950420858273402113519132893426758727062063040337666270
346 2184601673809761034029324703519816591398693197243897018683567027000527897543038153253918108487323406597335894364203117503441066965916868622461711687234676997417976043725120004
347 7002892343166531871745818614077319859752268879997203510648560756417218330548813755958231913906301544533829366690052294652142820943910170854192041258947450560500191861091855226
348 22448257619640994793753907439067414631895533318538102278605845883657835899322056539840061771847727245855570974594594119052428319391226382367804756057801548728823379160734101182
349 71959448391278295002666105710875100506806557221685674893223572231370762772940739020508357895843819043930392883599417002710906118212428190349526338225314297710287456950927999344
350 230671007991570638944036450937212879549773128398650472558471182996917835891644554347494284731910210676798285062595135358796103639099196958589766563757750449691674398073868709350
351 739431931697469108876535144466208352728801874715605047654214292899625183644925824753273165476035229059900959026158134251213888645573892989973367475442758359401653308355783956070
352 2370300396111464251785084988614052008822823703674214629934667472445184118074880199415939265840179946737638371227022391755340342227024799001136576783810795840007695583065550812276
353 7598162490641320052565824735555653093211597908956439706327722043916215648426498441196761309796293972976078283202385560453388905172503531910228377845985672482993602349132741206290
354 24356437407216226935839669335344734815213431117925116312712795084063290150188034109085324350004351153956526653527403596984417684855639638503079321645023824972520755897627986169798
355 78076251186037751318377913482290310458877265041627362139008591002683677684254202254713049644808417745900638770128408628769727456978772665148344270438462600841679345376472945654064
356 250278844042240448251275181006261020960738699018486755331364277600640219963660766274755023013196806543711820408759760206771269111594399983861079612061088919332725844995499789906894
357 802286211537802889771089187996651870852406364272742706934612431320668516629276552027125064952342513113080737267009555020405924098543149817279305453816301690661956830932700274635214
358 2571784154137482316370031326868593449372369988400815695909546577409595754137774205231192362248568590743023498554243088169709646539470039859962347066407736421347420621200894626444068
359 8244032666091753146457633042391448234737960188168826552330902978205860034138578227065106448629232588098399613537187596532791840453925750514300915603568925949434308669457570369401418
360 26426819097647601076782302675863694511492836479129393718026138574444803958245577906815685967215552857743156526874274585557615372887511072820885370368255681560387426322612390560439470
361 84713003442145662624188207390052708711787941032068445507452558334421382568808938765547454144667410534999079333828032104737372567417955269944169830881926871841286653411662538722163696
362 271553414191562118169295450388783474917441690559111777720403433563816725272879961388287894747345113023186899435168988810914722588692901842031855224246120292081458517477856241165347862
363 870483323253381356784289010917003191650664211487597344921953813775913164215719547209870038592915902801913567946545817663642466463088866611833628786530136083759835718798092997013351318
364 2790394730694554607233129731423742468678380987652478062596755267270534274443673761393524746311833364987255861021858295060758764464265841244721836686455545861594115585292121451797976340
365 8944804047465352011352807382254823901507022220085656009411713374176546123799851822051685040398135957415631927224146706901955447434478747308901202823551257889977561964785381244557813922
366 28673190415478403233269284834975934993389101032811322988569095255092643354756420969343232132179509843375022880753908739739035751774888314278787672458688012753768343602074428048256640502
367 91913902667912770515809291424790877531109873574066935127350503725309531004957837137928464363357930974914714357287949930624525684690153705210517289274403441985375246598042957336570410416
368 294636396621076437991572692808142138307853749520998038754415705337605336036693646192446437053125629800610939330058975302557199950764465315336677550455406152210408075634835315323286824254
369 944477426091906409280275563407078288795056036717766939834901381631230536567789054874105863250840671552151787672294861957370462968090803897324917417190958718169487026396173587453467810366
370 3027587964783648062523606133077559985944743431238116168402998985694153454601921099575118114335755673056141220480213282391450017923863377100109913389864564293316079588929192559350612923716
371 9705143427759201199622392492770820461389739897250204418188348078402574861181856698526635277135396183618087346015238279465885648645739119480621855230807735048235621062412088945871937243034
372 31110511089678095197567821785939495560515719614455276671460353018678722269966992015103773038330053892906055337403877868418759969634015173291639552093750560060643496295140791163719266990622
373 99726903313210659840576786012611974516629392516477417103595324487352201139969647584132890709045518871428230146833574515398400379345355538494284427412556912138832452394536103434895225946736
374 319681512649343437618398747532566685505095884870200966490507543619620249254806720609044583385458801841271112756401680615924224703871627957352432693329761580462600272156343334811929009771462
375 1024761284412954949998227522718307588151136555193484019413211858761350727374114038016707774117295592677982174103788892945507360742476711710468730683135911757583748179200527114670255535192646
376 3284943446772213326024653524914019040286529151941923000046887786418820696646801736156758349724448425986726001811466998477660832302663585004853762272021455373235868800486376643407355511349940
377 10530114293567755730609269955672208826395073412836030730303986095243129388634437297103015663343008188552839241356419464233449535131467454880397427351474940884943507836653566753592704849487026
378 33755012478085105170866685194836141202574209221360628728844563406329304976141030484484600965113084331569042890516983903605651292508599026209885723585768163842401450296665305722793057808756134
379 108204036122540089044167150384131320389251648824718620532282465510619901946851298287328928581062158041922243770335851262304753045833377286906061675556602054510346171828697067912445777142771248
380 346855550440375731947206035379492448833819073225412824480716328089766892455807027233664498802891232642839275583486046843218004322132563070582698022088532889194694738413442466517048300450511406
381 1111869549256438457110326864987887566254630661239476293592982635499812368555640170094958397807473394247016843087147210994379355459863570449410601275889522719770656290452994080089293293488182830
382 3564175037689722518097860678819515970993426388918366178729028742913173203374956852988456211741376974902898261432677132118589759227723419900598366927054291592531802970685661406476911472858419300
383 11425210545415046318505839480700336686519993608817148136417130578426247006808531183212230269266136045356730507887299371005165325208102358639448417792398930481043199773911118337827697511676862314
384 36624305660272927794285480111716621900664505966615082605354382233738272084640518625521791455370934979451432081756345774173215733285902135690695925576172702136576003236567938164157280422328107790
385 117401754634218204814277966908958816581656280127028840786768112091360324189042702257077170238957230479371639899301341802304280426883687847579734171042288163685704829648204508081900165421336179952
386 376339475730840714785414831685579076349709833304107218242028407134338704379964005639582232084254151722125096955761486076329553302249533722621593047347827625396664924680691446611710654197091594486
387 1206382318855767851404270310512050153279613229497794536124182779967124340915083186900458134570053885172829733810723420862210666456205462222812609741747811789729694828812297429141881234725417143926
388 3867142282699827072780559598397032498276722434868337516073787498260692070671838704053523729216319285726759549960492068985963580872815326446030834061473418225614638989889465051755032255932789278036
389 12396393084432123263214565145143127723825158901073554700467771660070944784473467234522740632428235839312490000950442343199661452379636531560952274304523719101551990846484009041228835253374392760642
390 39737498718684898212225989778984611744307190379280589034319076932398376791324797991840869595907159737166452090271660916545404861613297221573795972059295915087376260618442979560426475414244107432662
391 127381311133198936509750231272509294647866729328361412332616133034538038747997074133759258469403424953551868644547176456273248464900291692726437276410707214628475923126384694720550659321330944950960
392 408329636972928888116027488490226701924483949591137157224718213286185335338605653664001167705379949964844138594636025238347054102726924038859423674856559543936953754688758652844683309720443543768734
393 1308929001806991477860789782659506894064581404174278255932554442918753912622347941351054507624704414098023420822436534664004150705785767231507241327645030877634942354032872319421267835009877533917598
394 4195862794757250918530757418955984735442986291046876828420209253728624370733488427642301398063476120550415608527919202476684368669441534656425990019872066439129939179848589806075758644291606643010692
395 13450129509029029800092368570124282226460797424378984979472038021356585806665429163410130107765969503925290651261084370688781004817614998817016955505271354227952914439767877405808651615270664652705210
396 43115323989072358482189700048567545560461408701263900122148943102357574088682118588958758782884332332165637679899733574763131046225127320416131812697832429576394767356030747664198018906351586898121598
397 138209164561187587484424949927791691158853406699854113068121286377206267279686542511492088752313779615552816274782754088900925672080097748987244335031750934042823192421172955704632567802029708493714288
398 443039072918547547247166323579482765776880362287939204403451982254954661004319599088389652712442449768305780219659972903917835056095057497291366808295013080091164248372721054497011313126770092792541094
399 1420192508620714057773615768597142173014273599345772831029006679043759730418520672217338677427553120861321737894419520196335219760815112525210650947044138580461637964339517573209420666645048852099191846
400 4552525690918487808075614377640498269268619087512706176593354664942941094181112337513934173159923574390679493033608807009854956099730551140962664417282605077841332852773232307386554412545972444923028724

